cd=6.226639999999944
shrt_desc=66.23413234132268
rfrnc_data_id=7.608840000000043
long_desc=80.315960340441